50
105
 1 14
 1 45
 1 21
 1 22
 1 22
 1 49
 2 19
 2 25
 2 33
 4 17
 4 17
 4 27
 5 43
 6 13
 6 13
 6 28
 6 28
 7 41
 7 44
 8 19
 8 48
10  7
10 28
10 28
10 28
10 29
10 29
10 34
10 41
11 21
11 30
12  9
12 11
12 21
12 21
12 26
13 22
13 23
13 47
14  8
14 21
14 48
15  8
15 34
15 49
16  9
17 20
17 24
17 38
18  6
20  3
20 35
20 38
20 46
22  6
23 11
23 21
23 22
24  4
24  5
24 38
24 43
25  2
25 34
26  9
26 12
26 16
27  5
27 24
27 32
27 31
27 42
28 22
28 29
28 39
28 44
29 22
29 49
30 23
30 37
31 18
31 32
32  5
32 47
33  2
33  8
33 19
34  2 
34 19
34 40
35  9
35 37
35 46
36 20
36 42
45  8
45 14
45 14
45 15
45 49
46 16
47 23
47 30
49 22
49 49